1.761609 9.867174
-0.099894 9.771164
-0.084871 9.801630
-0.081702 9.807987
-0.081038 9.809315
-0.080899 9.809593
-0.080870 9.809651
-0.080864 9.809664
-0.080862 9.809666
-0.080862 9.809667
-0.080862 9.809667
-0.080862 9.809667
-0.080862 9.809667
-0.080862 9.809667
-0.080862 9.809667
-0.080862 9.809667
0.444627 11.322868
0.462748 10.694212
2.163530 6.963181
2.296141 9.467502
2.903390 9.312432
2.865236 10.014298
3.116595 9.426563
3.215234 8.531295
4.029170 9.804936
3.601124 10.717307
4.838277 6.520975
5.590680 8.522375
6.094038 7.530796
6.208002 7.699055
7.010300 7.803374
6.193382 7.582411
6.209954 7.586562
6.206160 7.587714
5.904884 7.233454
6.168901 7.946629
6.487071 7.683311
6.221620 7.575020
6.215293 7.588517
6.211277 7.578379
6.205085 7.602870
5.863610 8.093874
6.408703 7.160785
6.530875 7.412742
5.969276 7.350331
6.447662 7.805269
6.211570 7.584192
6.207623 7.592540
5.970931 7.584828
6.495178 7.664494
6.287276 7.461106
6.213054 7.577970
6.212056 7.583968
6.209439 7.578115
6.277980 7.779342
5.798765 6.702075
6.602309 8.304668
6.281592 7.512630
6.214310 7.580070
6.210837 7.598213
6.206960 7.577535
6.140290 7.647360
5.965921 7.751072
5.963573 7.572747
4.388442 6.405472
2.660137 7.898193
-3.036064 11.568726
0.677312 10.159659
-0.386174 10.556181
-0.082765 9.795600
-0.081250 9.806729
-0.080943 9.809052
-0.080879 9.809538
-0.014698 9.858491
-0.099894 9.771164
-0.084871 9.801630
-0.081702 9.807987
-0.081038 9.809315
-0.080899 9.809593
-0.080870 9.809651
-0.080864 9.809664
-0.080862 9.809666
-0.080862 9.809667
-0.080862 9.809667
-0.080862 9.809667
-0.080862 9.809667
-0.080862 9.809667
-0.080862 9.809667
-0.080862 9.809667
0.444627 11.322868
0.462748 10.694212
2.163530 6.963181
2.296141 9.467502
2.903390 9.312432
2.865236 10.014298
3.116595 9.426563
3.215234 8.531295
4.029170 9.804936
3.601124 10.717307
4.838277 6.520975
5.590680 8.522375
6.094038 7.530796
6.208002 7.699055
7.010300 7.803374
6.193382 7.582411
6.209954 7.586562
6.206160 7.587714
5.904884 7.233454
6.168901 7.946629
6.487071 7.683311
6.221620 7.575020
6.215293 7.588517
6.211277 7.578379
6.205085 7.602870
5.863610 8.093874
6.408703 7.160785
6.530875 7.412742
5.969276 7.350331
6.447662 7.805269
6.211570 7.584192
6.207623 7.592540
5.970931 7.584828
6.495178 7.664494
6.287276 7.461106
6.213054 7.577970
6.212056 7.583968
6.209439 7.578115
6.277980 7.779342
5.798765 6.702075
6.602309 8.304668
6.281592 7.512630
6.214310 7.580070
6.210837 7.598213
6.206960 7.577535
6.140290 7.647360
5.965921 7.751072
5.963573 7.572747
4.388442 6.405472
2.660137 7.898193
-3.036064 11.568726
0.391437 10.938595
-0.099894 9.771164
-0.084871 9.801630
-0.081702 9.807987
-0.081038 9.809315
-0.080899 9.809593
-0.080870 9.809651
-0.080864 9.809664
-0.080862 9.809666
-0.080862 9.809667
-0.080862 9.809667
-0.080862 9.809667
-0.080862 9.809667
-0.080862 9.809667
-0.080862 9.809667
-0.080862 9.809667
0.444627 11.322868
0.462748 10.694212
2.163530 6.963181
2.296141 9.467502
2.903390 9.312432
2.865236 10.014298
3.116595 9.426563
3.215234 8.531295
4.029170 9.804936
3.601124 10.717307
4.838277 6.520975
5.590680 8.522375
6.094038 7.530796
6.208002 7.699055
7.010300 7.803374
6.193382 7.582411
6.209954 7.586562
6.206160 7.587714
5.904884 7.233454
6.168901 7.946629
6.487071 7.683311
6.221620 7.575020
6.215293 7.588517
6.211277 7.578379
6.205085 7.602870
5.863610 8.093874
6.408703 7.160785
6.530875 7.412742
5.969276 7.350331
6.447662 7.805269
6.211570 7.584192
6.207623 7.592540
5.970931 7.584828
6.495178 7.664494
6.287276 7.461106
6.213054 7.577970
6.212056 7.583968
6.209439 7.578115
6.277980 7.779342
5.798765 6.702075
6.602309 8.304668
6.281592 7.512630
6.214310 7.580070
6.210837 7.598213
6.206960 7.577535
6.140290 7.647360
5.965921 7.751072
5.963573 7.572747
4.388442 6.405472
2.660137 7.898193
-3.036064 11.568726
0.677312 10.159659
-0.386174 10.556181
-0.082765 9.795600
-0.081250 9.806729
-0.080943 9.809052
-0.080879 9.809538
-0.080865 9.809640
-0.080863 9.809661
-0.080862 9.809666
-0.080862 9.809666
-0.080862 9.809667
-0.080862 9.809667
-0.080862 9.809667
-0.080862 9.809667
-0.080862 9.809667
-0.080862 9.809667
-0.080862 9.809667
-0.080862 9.809667
-0.080862 9.809667
-0.080862 9.809667
-0.080862 9.809667
-0.080862 9.809667
-0.080862 9.809667
-0.080862 9.809667
-0.080862 9.809667
-0.080862 9.809667
-0.080862 9.809667
-0.080862 9.809667
-0.080862 9.809667
-0.080862 9.809667
-0.080862 9.809667
-0.080862 9.809667
1.761609 9.867174
-0.099894 9.771164
-0.084871 9.801630
-0.081702 9.807987
-0.081038 9.809315
-0.080899 9.809593
-0.080870 9.809651
-0.080864 9.809664
-0.080862 9.809666
-0.080862 9.809667
-0.080862 9.809667
-0.080862 9.809667
-0.080862 9.809667
-0.080862 9.809667
-0.080862 9.809667
-0.080862 9.809667
-1.502392 9.797840
0.183944 9.085846
-0.313691 10.917643
0.188840 9.810494
0.324951 9.808751
0.647111 9.113214
0.285314 10.464820
0.877445 9.115656
0.514600 10.482919
1.119499 9.156662
1.004065 9.726472
0.920560 10.474864
1.283564 9.784650
1.418572 9.725709
1.553871 9.711701
2.073318 8.392186
1.575992 10.341498
1.992562 9.557672
1.910136 9.989067
2.190739 9.758946
2.633121 8.743493
2.273075 10.047930
2.671209 9.230653
2.699009 9.403444
2.755115 9.386442
2.278315 10.423791
3.235266 8.391384
2.826790 9.395492
2.876779 9.380881
2.905073 9.368446
2.951490 9.358646
2.995621 9.343294
3.040732 9.328473
3.087038 9.313244
3.134626 9.297380
3.183553 9.280797
3.233873 9.263445
3.285641 9.245276
3.338914 9.226238
3.393752 9.206279
3.450218 9.185341
3.508377 9.163361
3.568298 9.140274
3.636047 9.115826
3.709736 9.089609
3.764077 9.062273
3.832551 9.033562
3.903439 9.003261
3.976675 8.971264
4.027456 9.009614
4.202553 8.825645
4.201413 8.863850
4.405245 8.765819
4.500470 8.717171
4.616011 8.655903
4.734275 8.591877
4.875583 8.536608
4.982871 8.444271
5.090309 8.390779
5.222126 8.300940
5.339151 8.228876
5.469867 8.117689
5.562661 8.072853
5.664231 7.996654
5.749421 7.935056
5.834421 7.875923
5.834383 7.877097
5.930192 7.816967
5.998337 7.763989
6.067409 7.709958
6.137619 7.654144
6.211545 7.646880
6.334855 7.617866
6.554605 7.311016
6.429749 7.360893
6.006767 7.806027
6.204543 7.606851
6.217707 7.587565
6.216977 7.588217
6.216301 7.588784
6.215637 7.589331
6.214976 7.589874
6.214314 7.590415
6.213652 7.590957
6.212991 7.591499
6.212329 7.592040
6.211667 7.592582
6.211005 7.593124
6.209443 7.593667
6.209680 7.594207
6.209018 7.594748
6.208356 7.595289
6.207695 7.595831
6.207033 7.596372
6.206370 7.596913
6.205708 7.597454
6.152151 7.647733
5.999608 7.769776
6.190408 7.595000
6.159830 7.566586
6.191377 7.581458
6.251717 7.634929
6.358325 7.497148
6.504010 7.351964
6.604326 7.260452
6.599489 7.248397
6.387344 7.379603
5.904848 7.937541
6.257764 7.529735
6.217716 7.585189
6.217151 7.587600
6.216510 7.588529
6.215853 7.589151
6.215193 7.589709
6.214531 7.590254
6.213870 7.590796
6.213208 7.591338
1.486592 9.640138
-0.099894 9.771164
-0.084871 9.801630
-0.081702 9.807987
-0.081038 9.809315
-0.080899 9.809593
-0.080870 9.809651
-0.080864 9.809664
-0.080862 9.809666
-0.080862 9.809667
-0.080862 9.809667
-0.080862 9.809667
-0.080862 9.809667
-0.080862 9.809667
-0.080862 9.809667
-0.080862 9.809667
-1.502392 9.797840
0.183944 9.085846
-0.313691 10.917643
0.188840 9.810494
0.324951 9.808751
0.647111 9.113214
0.285314 10.464820
0.877445 9.115656
0.514600 10.482919
1.119499 9.156662
1.004065 9.726472
0.920560 10.474864
1.283564 9.784650
1.418572 9.725709
1.553871 9.711701
2.073318 8.392186
1.575992 10.341498
1.992562 9.557672
1.910136 9.989067
2.190739 9.758946
2.633121 8.743493
2.273075 10.047930
2.671209 9.230653
2.699009 9.403444
2.755115 9.386442
2.278315 10.423791
2.195642 8.974628
-0.099894 9.771164
-0.084871 9.801630
-0.081702 9.807987
-0.081038 9.809315
-0.080899 9.809593
-0.080870 9.809651
-0.080864 9.809664
-0.080862 9.809666
-0.080862 9.809667
-0.080862 9.809667
-0.080862 9.809667
-0.080862 9.809667
-0.080862 9.809667
-0.080862 9.809667
-0.080862 9.809667
-1.502392 9.797840
0.183944 9.085846
-0.313691 10.917643
0.188840 9.810494
0.324951 9.808751
0.647111 9.113214
0.285314 10.464820
0.877445 9.115656
0.514600 10.482919
1.119499 9.156662
1.004065 9.726472
0.920560 10.474864
1.283564 9.784650
1.418572 9.725709
1.553871 9.711701
2.073318 8.392186
1.575992 10.341498
1.447332 9.846725
-0.099894 9.771164
-0.084871 9.801630
-0.081702 9.807987
-0.081038 9.809315
-0.080899 9.809593
-0.080870 9.809651
-0.080864 9.809664
-0.080862 9.809666
-0.080862 9.809667
-0.080862 9.809667
-0.080862 9.809667
-0.080862 9.809667
-0.080862 9.809667
-0.080862 9.809667
-0.080862 9.809667
-1.502392 9.797840
0.183944 9.085846
-0.313691 10.917643
0.188840 9.810494
0.324951 9.808751
0.647111 9.113214
0.285314 10.464820
0.877445 9.115656
0.514600 10.482919
1.119499 9.156662
1.004065 9.726472
0.920560 10.474864
1.283564 9.784650
1.418572 9.725709
1.553871 9.711701
2.073318 8.392186
1.575992 10.341498
1.992562 9.557672
1.910136 9.989067
2.190739 9.758946
2.633121 8.743493
2.273075 10.047930
2.671209 9.230653
2.699009 9.403444
2.755115 9.386442
2.278315 10.423791
3.235266 8.391384
2.826790 9.395492
2.876779 9.380881
2.905073 9.368446
2.951490 9.358646
2.995621 9.343294
3.040732 9.328473
3.087038 9.313244
3.134626 9.297380
3.183553 9.280797
3.233873 9.263445
3.285641 9.245276
3.338914 9.226238
3.393752 9.206279
3.450218 9.185341
3.508377 9.163361
3.568298 9.140274
3.636047 9.115826
3.709736 9.089609
3.764077 9.062273
3.832551 9.033562
3.903439 9.003261
3.976675 8.971264
4.027456 9.009614
4.202553 8.825645
4.201413 8.863850
4.405245 8.765819
4.500470 8.717171
4.616011 8.655903
4.734275 8.591877
4.875583 8.536608
4.982871 8.444271
5.090309 8.390779
5.222126 8.300940
5.339151 8.228876
5.469867 8.117689
5.562661 8.072853
5.664231 7.996654
5.749421 7.935056
5.834421 7.875923
5.834383 7.877097
5.930192 7.816967
5.998337 7.763989
6.067409 7.709958
6.137619 7.654144
6.211545 7.646880
6.334855 7.617866
6.554605 7.311016
6.429749 7.360893
6.006767 7.806027
6.204543 7.606851
6.217707 7.587565
6.216977 7.588217
6.216301 7.588784
6.215637 7.589331
6.214976 7.589874
6.214314 7.590415
6.213652 7.590957
6.212991 7.591499
6.212329 7.592040
6.211667 7.592582
6.211005 7.593124
6.209443 7.593667
6.209680 7.594207
6.209018 7.594748
6.208356 7.595289
6.207695 7.595831
6.207033 7.596372
6.206370 7.596913
6.205708 7.597454
6.152151 7.647733
5.999608 7.769776
6.190408 7.595000
6.159830 7.566586
6.191377 7.581458
6.251717 7.634929
6.358325 7.497148
6.504010 7.351964
6.604326 7.260452
6.599489 7.248397
6.387344 7.379603
5.904848 7.937541
6.257764 7.529735
6.217716 7.585189
6.217151 7.587600
6.216510 7.588529
6.215853 7.589151
6.215193 7.589709
6.214531 7.590254
6.213870 7.590796
6.213208 7.591338
6.212547 7.591880
6.211885 7.592421
6.211223 7.592963
6.209669 7.593500
6.209888 7.594054
6.209236 7.594588
6.208574 7.595129
6.207912 7.595670
6.207250 7.596211
6.206588 7.596752
6.205926 7.597293
6.183237 7.626079
5.998951 7.842815
6.148593 7.558548
6.181845 7.566919
6.164618 7.584786
6.247106 7.631039
6.304821 7.541052
6.451508 7.398036
6.557253 7.303811
6.564313 7.283129
6.375077 7.398901
5.930539 7.895024
6.255934 7.539759
6.218050 7.587639
6.217407 7.587990
6.216750 7.588492
6.216090 7.589025
6.215429 7.589564
6.214767 7.590106
6.214106 7.590647
6.213444 7.591189
6.212783 7.591730
6.212121 7.592272
6.211459 7.592814
6.210796 7.593355
6.209235 7.593899
6.209472 7.594439
6.208810 7.594980
6.208148 7.595521
6.207486 7.596062
6.206824 7.596603
6.206162 7.597144
6.236378 7.589652
6.054365 7.704241
6.039523 7.756331
6.187752 7.558609
6.171275 7.570499
6.196643 7.617482
6.304643 7.585014
6.422474 7.421766
6.555089 7.307608
6.615810 7.245386
6.533167 7.290266
6.034417 7.725627
6.251877 7.590977
6.218039 7.584688
6.217543 7.587258
6.216915 7.588218
6.216260 7.588846
6.215601 7.589406
6.214940 7.589951
6.214278 7.590493
6.213617 7.591035
6.212955 7.591577
6.212293 7.592118
6.211631 7.592660
6.210969 7.593202
6.209407 7.593745
6.209644 7.594286
6.208982 7.594827
6.208320 7.595368
6.207659 7.595909
6.206997 7.596450
6.206334 7.596991
6.270640 7.600400
6.052628 7.669829
6.025902 7.757640
6.175044 7.589150
6.169832 7.560272
6.190304 7.601891
6.281137 7.627558
6.386184 7.447272
6.536787 7.323896
6.634023 7.233145
6.623570 7.225068
6.401297 7.363364
1.075886 9.691722
-0.099894 9.771164
-0.084871 9.801630
-0.081702 9.807987
-0.081038 9.809315
-0.080899 9.809593
-0.080870 9.809651
-0.080864 9.809664
-0.080862 9.809666
-0.080862 9.809667
-0.080862 9.809667
-0.080862 9.809667
-0.080862 9.809667
-0.080862 9.809667
-0.080862 9.809667
-0.080862 9.809667
-1.502392 9.797840
0.183944 9.085846
-0.313691 10.917643
0.188840 9.810494
0.324951 9.808751
0.647111 9.113214
0.285314 10.464820
0.877445 9.115656
0.514600 10.482919
1.119499 9.156662
1.004065 9.726472
0.920560 10.474864
1.283564 9.784650
1.418572 9.725709
1.553871 9.711701
2.073318 8.392186
1.575992 10.341498
1.992562 9.557672
1.910136 9.989067
2.190739 9.758946
2.633121 8.743493
2.273075 10.047930
2.671209 9.230653
2.699009 9.403444
2.755115 9.386442
2.278315 10.423791
3.235266 8.391384
2.826790 9.395492
2.876779 9.380881
2.905073 9.368446
2.951490 9.358646
2.995621 9.343294
3.040732 9.328473
3.087038 9.313244
3.134626 9.297380
3.183553 9.280797
3.233873 9.263445
3.285641 9.245276
3.338914 9.226238
3.393752 9.206279
3.450218 9.185341
3.508377 9.163361
3.568298 9.140274
3.636047 9.115826
3.709736 9.089609
3.764077 9.062273
3.832551 9.033562
3.903439 9.003261
3.976675 8.971264
4.027456 9.009614
4.202553 8.825645
4.201413 8.863850
4.405245 8.765819
4.500470 8.717171
4.616011 8.655903
4.734275 8.591877
4.875583 8.536608
4.982871 8.444271
5.090309 8.390779
5.222126 8.300940
5.339151 8.228876
5.469867 8.117689
5.562661 8.072853
5.664231 7.996654
5.749421 7.935056
5.834421 7.875923
5.834383 7.877097
5.930192 7.816967
5.998337 7.763989
6.067409 7.709958
6.137619 7.654144
6.211545 7.646880
6.334855 7.617866
6.554605 7.311016
6.429749 7.360893
6.006767 7.806027
6.204543 7.606851
6.217707 7.587565
6.216977 7.588217
6.216301 7.588784
6.215637 7.589331
6.214976 7.589874
6.214314 7.590415
6.213652 7.590957
6.212991 7.591499
6.212329 7.592040
6.211667 7.592582
6.211005 7.593124
6.209443 7.593667
6.209680 7.594207
6.209018 7.594748
6.208356 7.595289
6.207695 7.595831
6.207033 7.596372
6.206370 7.596913
6.205708 7.597454
6.152151 7.647733
5.999608 7.769776
6.190408 7.595000
6.159830 7.566586
6.191377 7.581458
6.251717 7.634929
6.358325 7.497148
6.504010 7.351964
6.604326 7.260452
6.599489 7.248397
6.387344 7.379603
5.904848 7.937541
6.257764 7.529735
6.217716 7.585189
6.217151 7.587600
6.216510 7.588529
6.215853 7.589151
6.215193 7.589709
6.214531 7.590254
6.213870 7.590796
6.213208 7.591338
6.212547 7.591880
6.211885 7.592421
6.211223 7.592963
6.209669 7.593500
6.209888 7.594054
6.209236 7.594588
6.208574 7.595129
6.207912 7.595670
6.207250 7.596211
6.206588 7.596752
6.205926 7.597293
6.183237 7.626079
5.998951 7.842815
6.148593 7.558548
6.181845 7.566919
6.164618 7.584786
6.247106 7.631039
6.304821 7.541052
6.451508 7.398036
6.557253 7.303811
6.564313 7.283129
6.375077 7.398901
5.930539 7.895024
6.255934 7.539759
6.218050 7.587639
6.217407 7.587990
6.216750 7.588492
6.216090 7.589025
6.215429 7.589564
6.214767 7.590106
6.214106 7.590647
6.213444 7.591189
6.212783 7.591730
6.212121 7.592272
6.211459 7.592814
6.210796 7.593355
6.209235 7.593899
6.209472 7.594439
6.208810 7.594980
6.208148 7.595521
6.207486 7.596062
6.206824 7.596603
6.206162 7.597144
6.236378 7.589652
6.054365 7.704241
6.039523 7.756331
6.187752 7.558609
6.171275 7.570499
6.196643 7.617482
6.304643 7.585014
6.422474 7.421766
6.555089 7.307608
6.615810 7.245386
6.533167 7.290266
6.034417 7.725627
6.251877 7.590977
6.218039 7.584688
6.217543 7.587258
6.216915 7.588218
6.216260 7.588846
6.215601 7.589406
6.214940 7.589951
6.214278 7.590493
6.213617 7.591035
6.212955 7.591577
6.212293 7.592118
6.211631 7.592660
6.210969 7.593202
6.209407 7.593745
6.209644 7.594286
6.208982 7.594827
6.208320 7.595368
6.207659 7.595909
6.206997 7.596450
6.206334 7.596991
6.270640 7.600400
6.052628 7.669829
6.025902 7.757640
6.175044 7.589150
6.169832 7.560272
6.190304 7.601891
6.281137 7.627558
6.386184 7.447272
6.536787 7.323896
6.634023 7.233145
6.623570 7.225068
6.401297 7.363364
5.880840 7.965426
6.259761 7.523517
6.218953 7.584603
6.217372 7.587512
6.216524 7.588574
6.215825 7.589229
6.215156 7.589796
6.214493 7.590342
6.213831 7.590885
6.213170 7.591427
6.212508 7.591969
6.211846 7.592510
6.211184 7.593052
6.209621 7.593596
6.209858 7.594137
6.209197 7.594677
6.208535 7.595218
6.207873 7.595759
6.207211 7.596300
6.206549 7.596841
6.205887 7.597382
6.177109 7.631363
6.044186 7.713173
6.053205 7.713618
6.081076 7.692175
6.144502 7.655672
6.291920 7.529010
6.451565 7.396515
6.654556 7.219746
6.845688 7.039356
7.014258 6.870180
7.148212 6.727810
7.227732 6.635389
7.212482 6.630968
7.017680 6.779441
6.428734 7.116352
4.927552 7.603415
1.308876 7.297174
-3.326369 10.616434
1.174985 11.690718
-0.397583 10.003088
-0.017503 10.185713
0.002373 9.807443
0.001423 9.809471
0.001111 9.809874
0.000915 9.809953
0.000797 9.809999
0.000670 9.809995
0.000552 9.809995
0.000443 9.809996
0.000342 9.809996
0.000247 9.809996
0.000158 9.809997
-0.004180 9.891706
-0.077717 9.759137
-0.083877 9.780536
-0.080625 9.807287
-0.080738 9.809925
-0.080836 9.809721
-0.080857 9.809678
-0.080861 9.809669
-0.080862 9.809667
-0.080862 9.809667
-0.080862 9.809667
-0.080862 9.809667
-0.080862 9.809667
-0.080862 9.809667
-0.080862 9.809667
-0.080862 9.809667
-0.080862 9.809667
-0.080862 9.809667
-0.080862 9.809667
-0.080862 9.809667
-0.080862 9.809667
-0.080862 9.809667
-0.080862 9.809667
-0.080862 9.809667
-0.080862 9.809667
-0.080862 9.809667
-0.080862 9.809667
-0.080862 9.809667
-0.080862 9.809667
-0.080862 9.809667
-0.080862 9.809667
-0.080862 9.809667
-0.080862 9.809667
-0.080862 9.809667
-0.080862 9.809667
-0.080862 9.809667
-0.080862 9.809667
-0.080862 9.809667
-0.080862 9.809667
-0.080862 9.809667
-0.080862 9.809667
-0.080862 9.809667
-0.080862 9.809667
-0.080862 9.809667
-0.080862 9.809667
-0.080862 9.809667
-0.080862 9.809667
-0.080862 9.809667
-0.080862 9.809667
-0.080862 9.809667
-0.080862 9.809667
-0.080862 9.809667
-0.080862 9.809667
-0.080862 9.809667
-0.080862 9.809667
-0.080862 9.809667
-0.080862 9.809667
-0.080862 9.809667
-0.080862 9.809667
-0.080862 9.809667
-0.080862 9.809667
-0.080862 9.809667
-0.080862 9.809667
-0.080862 9.809667
-0.080862 9.809667
-0.080862 9.809667
-0.080862 9.809667
-0.080862 9.809667
1.756110 9.848334
-0.105293 9.786626
-0.089594 9.804924
-0.086386 9.808662
-0.085733 9.809429
-0.085600 9.809586
-0.085573 9.809618
-0.085568 9.809625
-0.085567 9.809626
-0.085567 9.809627
-0.085567 9.809627
-0.085567 9.809627
-0.085567 9.809627
-0.085567 9.809627
-0.085567 9.809627
-0.085567 9.809627
-1.510016 9.796299
-0.114819 9.944664
0.096304 9.801995
0.197716 9.812689
0.323083 9.781157
0.373167 9.814076
0.461667 9.815375
0.610559 9.762828
0.648524 9.818080
0.779568 9.775396
0.876288 9.770997
0.973710 9.762728
1.072288 9.752643
1.172147 9.741208
1.273317 9.728509
1.375803 9.714535
1.479601 9.699252
1.584705 9.682615
1.691104 9.664575
1.798785 9.645086
1.907733 9.624099
2.017931 9.601562
2.129358 9.577428
2.254544 9.533931
2.369592 9.553264
2.488486 9.425025
2.591440 9.467524
2.677063 9.417510
2.739500 9.389443
2.795529 9.365424
2.766920 9.417072
2.820602 9.412221
2.854097 9.389821
2.896414 9.374700
2.939421 9.360910
2.983528 9.346911
3.028859 9.332361
3.075482 9.317159
3.123453 9.301252
3.172828 9.284594
3.223665 9.267137
3.276026 9.248832
3.329976 9.229624
3.385582 9.209455
3.442918 9.188261
3.502058 9.165975
3.563083 9.142521
3.626078 9.117821
3.691130 9.091786
3.758335 9.064323
3.827792 9.035327
3.899606 9.004687
3.954145 9.018303
4.061923 8.910670
4.276978 8.816803
4.303761 8.817753
4.430169 8.795594
4.564965 8.673535
4.671188 8.624606
4.778302 8.567262
4.885993 8.506560
4.994126 8.443523
5.102633 8.378334
5.206508 8.333773
5.341256 8.214843
5.449965 8.117255
5.549183 8.099370
5.647938 8.014933
5.737674 7.942928
5.817088 7.883143
5.888932 7.836531
5.921989 7.829345
6.006255 7.760613
6.081689 7.699536
6.158166 7.638103
6.222382 7.647468
6.383862 7.557653
1.486657 9.628761
-0.105293 9.786626
-0.089594 9.804924
-0.086386 9.808662
-0.085733 9.809429
-0.085600 9.809586
-0.085573 9.809618
-0.085568 9.809625
-0.085567 9.809626
-0.085567 9.809627
-0.085567 9.809627
-0.085567 9.809627
-0.085567 9.809627
-0.085567 9.809627
-0.085567 9.809627
-0.085567 9.809627
-1.510016 9.796299
-0.206803 10.198865
0.295051 9.553297
0.304109 9.792611
0.360554 9.820239
0.481797 9.789993
0.588169 9.783220
0.642597 9.814426
0.766793 9.767325
0.864145 9.769444
0.960797 9.763289
1.058192 9.753961
1.156733 9.742967
1.256533 9.730648
1.357622 9.717064
1.460003 9.702198
1.563673 9.686013
1.668625 9.668465
1.774847 9.649506
1.882328 9.629089
1.991052 9.607165
2.101002 9.583686
2.212157 9.558601
2.322131 9.541381
2.439579 9.529651
2.563119 9.437307
2.716684 9.398976
2.781043 9.382100
2.848001 9.362807
2.795020 9.403180
3.018158 9.287787
2.938339 9.373737
0.720854 8.288063
-0.688441 6.336476
0.559371 8.988623
-0.071703 7.833521
-0.067511 7.844762
-0.066636 7.847103
-0.066454 7.847591
-0.066416 7.847692
-0.066408 7.847713
-0.066407 7.847718
-0.066406 7.847719
-0.066406 7.847719
-0.066406 7.847719
-0.066406 7.847719
-0.066406 7.847719
-0.066406 7.847719
-0.066406 7.847719
-0.066406 7.847719
-1.206051 7.836214
0.081436 8.335672
0.551581 7.604282
0.581564 7.793179
0.666348 7.856841
0.788571 7.795485
0.908636 7.774130
1.012039 7.798235
1.147790 7.773724
1.268743 7.747140
1.392601 7.729475
1.544023 7.645295
1.680520 7.567070
1.746609 7.658838
1.886314 7.616648
1.996643 7.593321
2.136650 7.548328
2.239118 7.521001
2.384564 7.472787
2.464035 7.453066
2.632478 7.375756
2.706344 7.335968
2.767366 7.316885
2.777102 7.319167
2.821988 7.345808
2.870672 7.295117
2.921816 7.299308
2.966468 7.247214
3.032552 7.249085
3.085694 7.230518
3.145795 7.188616
3.204944 7.166713
3.267877 7.137764
3.333703 7.106395
3.397527 7.065821
0.749755 8.224720
0.048948 8.293796
-0.274919 7.053651
-0.064049 7.835695
-0.064628 7.845215
-0.064695 7.847206
-0.064707 7.847623
-0.064709 7.847710
-0.064710 7.847728
-0.064710 7.847732
-0.064710 7.847733
-0.064710 7.847733
-0.064710 7.847733
-0.064710 7.847733
-0.064710 7.847733
-0.064710 7.847733
-0.064710 7.847733
-0.064710 7.847733
-1.201832 7.838297
0.110822 8.334833
0.547944 7.607445
0.719402 7.365281
0.520870 8.281219
0.819483 7.836077
1.077430 7.297013
1.030901 7.750503
1.018564 8.220341
1.318968 7.631242
1.409875 7.756481
1.552318 7.679982
1.680359 7.665882
1.813588 7.637556
1.950072 7.604337
2.089679 7.567306
2.232463 7.526493
2.378528 7.481681
2.444274 7.630657
2.685278 7.138228
2.743215 7.329613
2.799705 7.307191
2.807010 7.335553
2.861572 7.310832
2.918626 7.287589
2.977867 7.263547
3.039537 7.238058
3.103810 7.210870
3.170853 7.181798
1.460089 9.782046
-0.099794 9.770855
-0.084850 9.801565
-0.081697 9.807973
-0.081037 9.809313
-0.080898 9.809593
-0.080870 9.809651
-0.080864 9.809663
-0.080862 9.809666
-0.080862 9.809667
-0.080862 9.809667
-0.080862 9.809667
-0.080862 9.809667
-0.080862 9.809667
-0.080862 9.809667
-0.080862 9.809667
-1.502394 9.797840
-0.562265 9.805101
0.051567 9.811308
-0.078198 9.809804
-0.077273 9.809720
-0.077079 9.809702
-0.077039 9.809699
-0.077030 9.809698
-0.077028 9.809698
-0.077028 9.809698
-0.077028 9.809698
-0.077028 9.809698
-0.077028 9.809698
-0.077028 9.809698
-0.077028 9.809698
-0.077028 9.809698
-0.077028 9.809698
-0.077028 9.809698
1.761315 9.867538
-0.099808 9.770897
-0.084853 9.801574
-0.081698 9.807975
-0.081037 9.809313
-0.080899 9.809593
-0.080870 9.809651
-0.080864 9.809663
-0.080862 9.809666
-0.080862 9.809667
-0.080862 9.809667
-0.080862 9.809667
-0.080862 9.809667
-0.080862 9.809667
-0.080862 9.809667
-0.080862 9.809667
-1.502392 9.797840
0.184340 9.076006
-0.352026 10.642965
0.129378 9.806850
0.207188 9.808973
0.277530 9.807400
0.341158 9.804978
0.418976 9.802179
0.482264 9.799064
0.564934 9.792201
0.627813 9.793984
0.706909 9.785344
0.786344 9.775293
0.852196 9.779463
0.934147 9.765262
1.011115 9.760122
1.091761 9.746395
1.166740 9.745296
1.251477 9.726479
1.328194 9.725156
1.411950 9.709839
1.500179 9.685326
1.576227 9.688995
1.661982 9.674029
1.753753 9.644471
1.831955 9.646783
1.923974 9.621031
2.013716 9.603456
2.104531 9.578950
2.198555 9.549597
2.281845 9.549689
2.375585 9.524717
2.496645 9.484068
2.608246 9.443429
2.690309 9.420162
2.751197 9.392803
2.782438 9.383305
2.799999 9.410650
2.835632 9.393837
2.881397 9.379723
2.928543 9.365246
2.977613 9.349444
3.028276 9.333172
3.080676 9.316098
3.135295 9.297490
3.191719 9.278362
3.248265 9.246840
3.308710 9.252173
3.372705 9.208200
3.435650 9.199566
3.504525 9.150691
3.573367 9.148102
3.646442 9.117888
3.722796 9.080790
3.801265 9.033963
3.880175 9.016320
3.969962 8.971609
4.056587 8.954652
4.071145 8.948585
4.304756 8.820841
4.424877 8.757081
4.546586 8.693607
4.669376 8.628049
4.793130 8.559830
4.917814 8.488746
5.043412 8.414670
5.169913 8.337484
5.297303 8.257063
5.417765 8.173929
5.542802 8.056643
5.624205 8.014160
5.698622 7.966684
5.762439 7.923033
5.815291 7.888946
5.863595 7.867093
5.919784 7.823379
5.974796 7.785085
6.033961 7.732019
6.089254 7.693404
6.147436 7.645871
6.206342 7.597577
6.409942 7.650284
6.218305 7.578100
6.218916 7.584808
6.219815 7.584846
6.217108 7.589072
6.217838 7.587678
6.217121 7.588305
6.216448 7.588865
6.215784 7.589411
6.215123 7.589954
6.214461 7.590496
6.213799 7.591037
6.213138 7.591579
6.212444 7.592121
6.211471 7.592663
6.210809 7.593204
6.210308 7.593746
6.209829 7.594286
6.209167 7.594827
6.208505 7.595368
6.207843 7.595909
6.207181 7.596450
6.207926 7.582227
6.202207 7.616162
6.159540 7.639364
5.975588 7.763024
6.195034 7.599345
6.197155 7.561194
6.122379 7.607699
6.344354 7.598744
6.472522 7.378796
6.714116 7.164295
6.874201 6.924154
7.059731 6.925539
7.129992 6.737630
7.251451 6.612600
7.322506 6.528670
7.302342 6.529837
7.104978 6.677545
6.519464 7.022632
5.519676 8.734054
6.330119 7.296632
6.218372 7.594733
6.212676 7.587274
6.212565 7.590262
6.212017 7.591300
6.211378 7.591942
6.210443 7.592504
6.209718 7.593050
6.209120 7.593592
6.208737 7.594132
6.208076 7.594673
6.207859 7.581814
1.477383 9.651556
-0.099798 9.770866
-0.084851 9.801567
-0.081698 9.807974
-0.081037 9.809313
-0.080898 9.809593
-0.080870 9.809651
-0.080864 9.809663
-0.080862 9.809666
-0.080862 9.809667
-0.080862 9.809667
-0.080862 9.809667
-0.080862 9.809667
-0.080862 9.809667
-0.080862 9.809667
-0.080862 9.809667
-1.502392 9.797840
-0.522424 9.804703
0.020098 9.811648
-0.077506 9.809934
-0.074098 9.809770
-0.073378 9.809736
-0.073226 9.809729
-0.073194 9.809727
-0.073187 9.809727
-0.073185 9.809727
-0.073185 9.809727
-0.073185 9.809727
-0.073185 9.809727
-0.073185 9.809727
-0.073185 9.809727
-0.073185 9.809727
-0.073185 9.809727
-0.073185 9.809727
-0.073185 9.809727
-0.073185 9.809727
-0.073185 9.809727
-0.073185 9.809727
-0.073185 9.809727
-0.073185 9.809727
-0.073185 9.809727
-0.073185 9.809727
-0.073185 9.809727
-0.073185 9.809727
-0.073185 9.809727
-0.073185 9.809727
-0.073185 9.809727
-0.073185 9.809727
-0.073185 9.809727
-0.073185 9.809727
-0.073185 9.809727
-0.073185 9.809727
-0.073185 9.809727
-0.073185 9.809727
-0.073185 9.809727
-0.073185 9.809727
-0.073185 9.809727
-0.073185 9.809727
-0.073185 9.809727
-0.073185 9.809727
-0.073185 9.809727
-0.073185 9.809727
-0.073185 9.809727
-0.073185 9.809727
-0.073185 9.809727
-0.073185 9.809727
-0.073185 9.809727
-0.073185 9.809727
-0.073185 9.809727
-0.073185 9.809727
-0.073185 9.809727
-0.073185 9.809727
-0.073185 9.809727
-0.073185 9.809727
-0.073185 9.809727
-0.073185 9.809727
-0.073185 9.809727
-0.073185 9.809727
-0.073185 9.809727
-0.073185 9.809727
-0.073185 9.809727
-0.073185 9.809727
-0.073185 9.809727
-0.073185 9.809727
-0.073185 9.809727
-0.073185 9.809727
-0.073185 9.809727
-0.073185 9.809727
-0.073185 9.809727
-0.073185 9.809727
-0.073185 9.809727
-0.073185 9.809727
1.761292 9.867567
-0.099801 9.770876
-0.084852 9.801570
-0.081698 9.807974
-0.081037 9.809313
-0.080898 9.809593
-0.080870 9.809651
-0.080864 9.809663
-0.080862 9.809666
-0.080862 9.809667
-0.080862 9.809667
-0.080862 9.809667
-0.080862 9.809667
-0.080862 9.809667
-0.080862 9.809667
-0.080862 9.809667
-1.502392 9.797840
-0.491384 10.060887
0.258075 9.655503
0.084903 9.803433
0.152626 9.806976
0.219727 9.808026
0.287165 9.806773
0.355343 9.804645
0.424345 9.801926
0.494195 9.798661
0.564903 9.794843
0.636475 9.790455
0.708918 9.785478
0.782498 9.779623
0.856987 9.773019
0.932345 9.766172
1.009305 9.754500
1.085708 9.744294
1.159417 9.755227
1.241701 9.731182
1.322522 9.716126
1.399442 9.717722
1.483371 9.693798
1.564929 9.687876
1.647991 9.670513
1.734186 9.651873
1.817567 9.646381
1.904556 9.625720
1.989165 9.610857
2.082499 9.576747
2.168518 9.568120
2.254803 9.557086
2.347581 9.522305
2.596005 9.345410
2.417527 9.615658
2.662302 9.429838
2.732546 9.402058
2.797559 9.374652
2.777391 9.412917
2.820417 9.399061
2.866665 9.372332
2.914518 9.378987
2.963030 9.354371
3.013040 9.338777
3.064978 9.321853
3.118797 9.303963
3.176308 9.270235
3.232464 9.264720
3.292561 9.243511
3.354880 9.221181
3.419571 9.197530
3.486773 9.172423
3.553693 9.163433
3.629665 9.117067
3.705985 9.086233
3.785109 9.053888
3.868460 9.004003
3.947688 9.003273
4.041962 8.942317
4.000456 8.944864
4.299861 8.862514
4.384037 8.779595
4.506706 8.714760
4.629804 8.656174
4.760811 8.565969
4.881736 8.513889
5.008735 8.439242
5.136300 8.356347
5.263346 8.279385
5.447710 7.974420
5.440371 8.309019
5.603615 8.029304
5.677599 7.980917
5.743845 7.936312
5.799075 7.899909
5.846296 7.880345
5.902148 7.836044
5.957269 7.794714
6.013048 7.751894
6.069587 7.707520
6.126672 7.662167
6.184472 7.615365
6.398747 7.643095
6.222983 7.586630
6.220281 7.586292
6.218936 7.587220
6.218330 7.587396
6.218161 7.587410
6.220819 7.588749
6.214399 7.592410
6.215695 7.585242
6.215337 7.588907
6.214699 7.590121
6.214042 7.590802
1.761609 9.867174
-0.099894 9.771164
-0.084871 9.801630
-0.081702 9.807987
-0.081038 9.809315
-0.080899 9.809593
-0.080870 9.809651
-0.080864 9.809664
-0.080862 9.809666
-0.080862 9.809667
-0.080862 9.809667
-0.080862 9.809667
-0.080862 9.809667
-0.080862 9.809667
-0.080862 9.809667
-0.080862 9.809667
-1.502392 9.797840
0.183944 9.085846
-0.313691 10.917643
0.188840 9.810494
0.324951 9.808751
0.647111 9.113214
0.285314 10.464820
0.877445 9.115656
0.514600 10.482919
1.119499 9.156662
1.004065 9.726472
0.920560 10.474864
1.283564 9.784650
1.418572 9.725709
1.553871 9.711701
1.686487 9.499822
1.806588 9.713001
2.014028 9.442402
2.096002 9.588898
2.234698 9.487555
2.364666 9.450240
2.499116 9.511856
2.587693 9.363010
2.692651 9.402299
2.749938 9.387956
2.772157 9.396685
2.794311 9.405694
2.826588 9.384254
2.884404 9.389903
2.919411 9.368309
2.963185 9.354492
3.008819 9.339183
3.056034 9.323321
3.100946 9.302743
3.150617 9.297715
3.206325 9.268130
3.243469 9.255081
3.302160 9.242866
3.356813 9.220586
3.413953 9.199494
3.472047 9.177807
3.532427 9.154963
3.596271 9.131009
3.666570 9.105480
3.723410 9.078976
3.792579 9.050883
3.863929 9.021031
3.937850 8.989214
3.987937 9.054583
4.112179 8.831902
4.175784 8.880795
4.350130 8.793670
4.427522 8.756227
4.557188 8.687840
4.668388 8.627217
4.787153 8.562374
4.929204 8.505110
5.024157 8.429472
5.156544 8.340116
5.274997 8.268219
5.394278 8.180321
5.515419 8.099235
5.614422 8.031595
5.703202 7.968841
5.784800 7.908445
5.829431 7.877876
5.883573 7.850058
5.959128 7.794418
1.542838 9.788076
-0.100376 9.772505
-0.085371 9.801923
-0.082216 9.808048
-0.081557 9.809326
-0.081420 9.809592
-0.081391 9.809648
-0.081385 9.809659
-0.081384 9.809662
-0.081384 9.809662
-0.081384 9.809662
-0.081384 9.809662
-0.081384 9.809662
-0.081384 9.809662
-0.081384 9.809662
-0.081384 9.809662
-1.503228 9.797671
0.185730 9.053835
-0.082111 10.206396
0.154993 9.822351
0.271815 9.811647
0.383602 9.828857
0.251459 10.487635
0.645077 9.784353
0.785014 9.816781
1.130109 9.057859
0.739409 10.426540
1.161783 9.758695
1.468873 9.139583
1.148647 10.278140
1.724195 9.158019
1.419839 10.205170
1.993027 9.108469
1.634856 10.236844
2.047944 9.583839
2.168318 9.561527
2.384249 9.307382
2.408328 9.510134
2.550673 9.457369
2.656027 9.402091
2.719538 9.396789
2.769393 9.379768
2.772097 9.411842
2.811408 9.400917
1.458587 9.810038
-0.100986 9.774256
-0.085898 9.802301
-0.082737 9.808127
-0.082078 9.809339
-0.081942 9.809592
-0.081913 9.809644
-0.081907 9.809655
-0.081906 9.809657
-0.081906 9.809658
-0.081906 9.809658
-0.081906 9.809658
-0.081906 9.809658
-0.081906 9.809658
-0.081906 9.809658
-0.081906 9.809658
-1.504067 9.797502
0.009794 9.735397
0.182137 9.467723
-0.057819 10.543534
0.320464 9.811448
0.425573 9.812082
0.536349 9.801353
0.660106 9.746137
0.716604 9.859179
0.862209 9.745862
0.985969 9.759349
1.100535 9.773191
1.226017 9.733399
1.369127 9.679783
1.495742 9.710101
1.612803 9.659304
1.745698 9.629230
1.925556 9.459230
1.978804 9.614185
2.143077 9.561963
2.209977 9.575977
2.363252 9.514714
2.399071 9.763650
2.649202 9.162163
1.569579 9.732813
-0.101597 9.776011
-0.086425 9.802678
-0.083257 9.808205
-0.082600 9.809353
-0.082463 9.809591
-0.082435 9.809641
-0.082429 9.809651
-0.082428 9.809653
-0.082428 9.809654
-0.082428 9.809654
-0.082428 9.809654
-0.082428 9.809654
-0.082428 9.809654
-0.082428 9.809654
-0.082428 9.809654
-1.504908 9.797332
0.015421 9.703341
-0.011441 10.072302
0.108814 10.014777
0.328568 9.717938
0.394994 9.829813
0.759139 9.124087
0.381778 10.445226
0.771833 9.735840
1.097514 9.115167
0.703347 10.496165
1.099939 9.754823
1.611495 9.537376
-0.105293 9.786626
-0.089594 9.804924
-0.086386 9.808662
-0.085733 9.809429
-0.085600 9.809586
-0.085573 9.809618
-0.085568 9.809625
-0.085567 9.809626
-0.085567 9.809627
-0.085567 9.809627
-0.085567 9.809627
-0.085567 9.809627
-0.085567 9.809627
-0.085567 9.809627
-0.085567 9.809627
-1.510016 9.796299
-0.114819 9.944664
0.096304 9.801995
0.197716 9.812689
0.323083 9.781157
0.373167 9.814076
0.461667 9.815375
0.610559 9.762828
0.648524 9.818080
0.779568 9.775396
0.876288 9.770997
1.542270 9.714181
-0.105293 9.786626
-0.089594 9.804924
-0.086386 9.808662
-0.085733 9.809429
-0.085600 9.809586
-0.085573 9.809618
-0.085568 9.809625
-0.085567 9.809626
-0.085567 9.809627
-0.085567 9.809627
-0.085567 9.809627
-0.085567 9.809627
-0.085567 9.809627
-0.085567 9.809627
-0.085567 9.809627
-1.510016 9.796299
-0.114819 9.944664
0.096304 9.801995
0.197716 9.812689
0.323083 9.781157
0.373167 9.814076
0.461667 9.815375
0.610559 9.762828
0.648524 9.818080
0.779568 9.775396
0.876288 9.770997
0.973710 9.762728
1.072288 9.752643
1.172147 9.741208
1.273317 9.728509
1.375803 9.714535
1.479601 9.699252
1.584705 9.682615
1.691104 9.664575
1.798785 9.645086
1.907733 9.624099
2.017931 9.601562
2.129358 9.577428
2.254363 9.534253
2.365118 9.560776
2.493072 9.421099
2.594102 9.468346
2.682602 9.409218
2.741439 9.388723
2.784403 9.360512
2.768410 9.432091
2.823837 9.406589
2.856510 9.388138
2.898696 9.373804
2.941725 9.360149
2.985887 9.346152
3.031284 9.331575
3.077977 9.316338
3.126020 9.300393
3.175470 9.283694
3.226386 9.266194
3.278829 9.247843
3.332864 9.228586
3.388560 9.208364
3.445989 9.187115
3.505227 9.164769
3.566354 9.141251
3.629454 9.116483
3.694618 9.090375
3.761939 9.062834
1.494866 9.760339
-0.105293 9.786626
-0.089594 9.804924
-0.086386 9.808662
-0.085733 9.809429
-0.085600 9.809586
-0.085573 9.809618
-0.085568 9.809625
-0.085567 9.809626
-0.085567 9.809627
-0.085567 9.809627
-0.085567 9.809627
-0.085567 9.809627
-0.085567 9.809627
-0.085567 9.809627
-0.085567 9.809627
-1.510016 9.796299
-0.114819 9.944664
0.096304 9.801995
0.197716 9.812689
0.323083 9.781157
0.373167 9.814076
0.461667 9.815375
0.610559 9.762828
0.648524 9.818080
0.779568 9.775396
0.876288 9.770997
0.973710 9.762728
1.072288 9.752643
1.172147 9.741208
1.273317 9.728509
1.375803 9.714535
1.479601 9.699252
1.584705 9.682615
1.691104 9.664575
1.798785 9.645086
1.907733 9.624099
2.017931 9.601562
2.129358 9.577428
2.254363 9.534253
2.365307 9.554492
2.489676 9.428677
2.594444 9.467651
2.682894 9.408900
2.741319 9.389099
1.427661 9.647909
-0.214797 9.911525
-0.169201 9.819797
-0.164871 9.810697
-0.164117 9.808992
-0.163993 9.808690
-0.163973 9.808637
-0.163970 9.808628
-0.163970 9.808626
-0.163970 9.808626
-0.163970 9.808626
-0.163971 9.808626
-0.163971 9.808626
-0.163971 9.808626
-0.163971 9.808626
-0.163971 9.808626
-1.600625 9.778254
-0.158965 9.812294
-0.149588 9.835283
0.025875 9.865691
0.498993 9.713063
-0.124112 9.943433
-0.198367 9.853855
-0.076613 9.287191
-0.197331 10.498479
-0.871091 9.450904
1.010151 9.425503
0.253940 10.357695
0.104356 9.748433
0.455687 9.948821
-0.337869 9.748980
0.223275 9.698580
0.125240 9.737711
0.139137 9.829006
-0.246715 8.867121
0.410353 10.969263
0.132661 9.806632
0.181445 9.692654
0.174918 9.880473
0.169771 9.661566
0.223064 9.899985
0.263459 9.707609
0.348048 9.850199
0.362811 9.719553
0.375347 9.859763
-0.536328 9.787718
1.332052 9.902653
0.576202 9.701634
0.509219 9.646315
0.646772 9.926098
0.529492 9.804360
0.913296 9.758374
0.235618 9.677489
1.132653 9.785503
0.539695 9.936973
0.958316 9.726641
0.753588 9.750228
-0.192113 9.679239
1.321840 9.966108
1.519481 9.629331
-0.214797 9.911525
-0.169201 9.819797
-0.164871 9.810697
-0.164117 9.808992
-0.163993 9.808690
-0.163973 9.808637
-0.163970 9.808628
-0.163970 9.808626
-0.163970 9.808626
-0.163970 9.808626
-0.163971 9.808626
-0.163971 9.808626
-0.163971 9.808626
-0.163971 9.808626
-0.163971 9.808626
-1.600625 9.778254
-0.158965 9.812294
-0.149588 9.835283
0.025875 9.865691
0.498993 9.713063
-0.124112 9.943433
-0.198367 9.853855
-0.076613 9.287191
-0.197331 10.498479
-0.871091 9.450904
1.010151 9.425503
0.253940 10.357695
0.104356 9.748433
0.455687 9.948821
-0.337869 9.748980
0.223275 9.698580
0.125240 9.737711
0.139137 9.829006
-0.246715 8.867121
0.410353 10.969263
1.449960 9.452081
-0.214797 9.911525
-0.169201 9.819797
-0.164871 9.810697
-0.164117 9.808992
-0.163993 9.808690
-0.163973 9.808637
-0.163970 9.808628
-0.163970 9.808626
-0.163970 9.808626
-0.163970 9.808626
-0.163971 9.808626
-0.163971 9.808626
-0.163971 9.808626
-0.163971 9.808626
-0.163971 9.808626
-1.600625 9.778254
-0.158965 9.812294
-0.149588 9.835283
0.025875 9.865691
0.498993 9.713063
-0.124112 9.943433
-0.198367 9.853855
-0.076613 9.287191
-0.197331 10.498479
-0.871091 9.450904
1.010151 9.425503
0.253940 10.357695
0.104356 9.748433
0.455687 9.948821
-0.337869 9.748980
0.223275 9.698580
0.125240 9.737711
0.139137 9.829006
-0.246715 8.867121
0.410353 10.969263
0.132661 9.806632
0.181445 9.692654
0.174918 9.880473
0.169771 9.661566
0.223064 9.899985
0.263459 9.707609
0.348048 9.850199
0.362811 9.719553
0.375347 9.859763
-0.536328 9.787718
1.332052 9.902653
0.576202 9.701634
0.509219 9.646315
0.646772 9.926098
0.529492 9.804360
0.913296 9.758374
0.235618 9.677489
1.132653 9.785503
0.539695 9.936973
0.958316 9.726641
0.753588 9.750228
-0.192113 9.679239
1.321840 9.966108
0.622577 9.853397
0.720224 9.753789
-0.474490 9.570488
1.740045 10.002782
-0.853274 9.411188
1.879895 10.152779
0.576603 9.832398
0.627292 9.745381
-2.071829 8.815987
2.449988 10.820816
0.001085 8.812656
0.156132 10.853195
0.095802 9.761473
0.087944 9.782532
0.141297 9.885415
-0.014984 9.786628
0.204962 9.789968
0.157100 9.755864
-0.192472 9.767428
0.516068 9.714873
-0.167009 9.142337
0.321990 10.872548
0.212071 9.786869
0.235810 9.752333
0.287609 9.698649
0.010771 9.657420
-0.452994 9.861300
0.128823 9.868391
0.707659 9.792252
0.142619 9.844661
-1.199977 9.753798
1.239442 9.903077
0.101096 9.837957
0.248256 9.754236
0.172325 9.649814
0.170527 9.831545
-0.515780 9.797868
0.852290 9.805214
0.095812 9.884634
0.111165 9.802144
-0.199887 9.898055
-0.173578 9.666632
0.620833 10.081512
0.063096 9.595880
-0.510079 9.758316
0.837402 9.833741
0.136235 9.823963
-0.206787 9.355468
0.508375 10.318934
-1.000579 9.671850
0.532428 9.832981
2.072870 9.840929
-0.099859 9.771055
-0.084864 9.801607
-0.081700 9.807982
-0.081037 9.809314
-0.080899 9.809593
-0.080870 9.809651
-0.080864 9.809664
-0.080862 9.809666
-0.080862 9.809667
-0.080862 9.809667
-0.080862 9.809667
-0.080862 9.809667
-0.080862 9.809667
-0.080862 9.809667
-0.080862 9.809667
-1.502392 9.797840
0.183945 9.085846
-0.313692 10.917644
0.188840 9.810494
0.324951 9.808751
0.647111 9.113214
0.285313 10.464820
0.877444 9.115655
0.514599 10.482919
1.119498 9.156661
1.004063 9.726472
0.918365 10.470932
1.277057 9.559809
1.619008 9.270359
1.333337 10.260162
1.892790 8.903816
1.543168 10.319515
1.914357 9.438711
2.015271 9.594699
2.119325 9.577570
2.224748 9.555349
2.332007 9.529387
2.421530 9.503099
2.585019 9.457265
2.677316 9.409719
2.726487 9.394790
2.757919 10.041640
2.782199 8.747240
2.810893 9.406316
2.852376 9.389106
2.894663 9.375214
2.938194 9.361532
2.983154 9.347347
3.029643 9.332471
3.077748 9.316819
3.127558 9.300328
3.179167 9.282931
3.232676 9.264561
3.288191 9.245139
3.345941 9.224892
3.405039 9.203881
3.464547 9.181007
3.527038 9.157276
3.592173 9.132087
3.660083 9.105270
3.730938 9.076670
3.804924 9.046119
3.882242 9.013436
3.963082 8.978446
4.001597 9.010380
4.180882 8.835490
4.219529 8.856155
4.352568 8.795445
4.480005 8.727248
4.597145 8.666019
4.715357 8.602287
4.852937 8.555566
4.957938 8.462274
5.085860 8.385475
5.205654 8.314747
5.325718 8.246788
5.459997 8.111791
5.558091 8.074582
5.653940 8.000745
5.723453 7.947865
5.788999 7.901923
5.843709 7.881481
5.897169 7.838897
5.960669 7.792032
6.023189 7.744015
6.086391 7.694450
6.150347 7.643386
6.258428 7.614393
6.399837 7.557659
6.176679 7.643782
6.218501 7.585198
6.218923 7.586269
6.218274 7.587202
6.217615 7.587825
6.216955 7.588383
6.216294 7.588928
6.215633 7.589470
6.214972 7.590012
6.214310 7.590554
6.213649 7.591095
6.212987 7.591637
6.212325 7.592178
6.211663 7.592720
6.210682 7.593261
6.209757 7.593806
6.209676 7.594345
6.209014 7.594886
6.208353 7.595427
6.207691 7.595968
6.207029 7.596509
6.206366 7.597050
6.270042 7.599707
6.053056 7.670551
6.008403 7.763111
6.190367 7.578623
6.169054 7.189312
6.177369 7.997559
6.306788 7.598328
6.457292 7.388288
6.673776 7.201416
6.890294 6.995979
7.105369 6.777041
7.324334 6.538713
7.559899 6.262490
7.833652 5.907654
8.199512 5.336044
8.585062 4.576355
8.484702 5.180540
8.476170 4.886915
8.793068 4.085827
9.319012 2.856557
8.959761 1.120392
10.880814 -1.405640
7.480282 -3.314479
3.795470 -3.396032
2.873992 -4.972931
-15.130768 -21.082068
-3.212711 -3.756956
2.567444 -7.803721
-0.477255 -6.689176
-1.175208 -13.209617
1.767977 -8.380908
0.123315 -9.245213
-0.055080 -9.851622
0.145087 -9.924509
0.080877 -9.825285
0.086475 -9.813926
0.045930 -9.738189
0.084434 -9.806266
0.086898 -9.815542
0.088940 -9.807377
0.085681 -9.804820
0.082299 -9.804198
0.094541 -9.817120
0.086748 -9.805553
0.082979 -9.803226
0.122465 -9.877519
0.053133 -9.745837
0.084384 -9.803937
0.086893 -9.815079
0.088941 -9.807286
0.085681 -9.804802
0.082299 -9.804195
0.094541 -9.817119
0.086748 -9.805553
0.082979 -9.803226
0.122465 -9.877519
0.053133 -9.745837
0.084384 -9.803937
0.086893 -9.815079
0.088941 -9.807286
0.085681 -9.804802
0.082299 -9.804195
0.094541 -9.817119
0.086748 -9.805553
0.082979 -9.803226
0.122465 -9.877519
0.053133 -9.745837
0.084384 -9.803937
0.086893 -9.815079
0.088941 -9.807286
0.085681 -9.804802
0.082299 -9.804195
0.094541 -9.817119
0.086748 -9.805553
0.082979 -9.803226
0.122465 -9.877519
0.053133 -9.745837
0.084384 -9.803937
0.086893 -9.815079
0.088941 -9.807286
0.085681 -9.804802
0.082299 -9.804195
0.094541 -9.817119
0.086748 -9.805553
0.082979 -9.803226
0.122465 -9.877519
0.053133 -9.745837
0.084384 -9.803937
0.086893 -9.815079
0.088941 -9.807286
0.085681 -9.804802
0.082299 -9.804195
0.094541 -9.817119
0.086748 -9.805553
0.082979 -9.803226
0.122465 -9.877519
0.053133 -9.745837
0.084384 -9.803937
0.086893 -9.815079
0.088941 -9.807286
0.085681 -9.804802
0.082299 -9.804195
0.094541 -9.817119
0.086748 -9.805553
1.757873 9.873049
-0.099859 9.771055
-0.084864 9.801607
-0.081700 9.807982
-0.081037 9.809314
-0.080899 9.809593
-0.080870 9.809651
-0.080864 9.809664
-0.080862 9.809666
-0.080862 9.809667
-0.080862 9.809667
-0.080862 9.809667
-0.080862 9.809667
-0.080862 9.809667
-0.080862 9.809667
-0.080862 9.809667
-1.502392 9.797840
0.183945 9.085846
-0.313692 10.917644
0.188840 9.810494
0.324951 9.808751
0.647111 9.113214
0.285313 10.464820
0.877444 9.115655
0.514599 10.482919
1.119498 9.156661
1.004063 9.726472
0.918365 10.470932
1.277057 9.559809
1.619008 9.270359
1.333337 10.260162
1.892790 8.903816
1.543168 10.319515
1.914357 9.438711
2.015271 9.594699
2.119325 9.577570
2.224748 9.555349
2.332007 9.529387
2.421530 9.503099
2.585019 9.457265
2.677316 9.409719
2.726487 9.394790
2.757919 10.041640
2.782199 8.747240
2.810893 9.406316
2.852376 9.389106
2.894663 9.375214
2.938194 9.361532
2.983154 9.347347
3.029643 9.332471
3.077748 9.316819
3.127558 9.300328
3.179167 9.282931
3.232676 9.264561
3.288191 9.245139
3.345941 9.224892
3.405039 9.203881
3.464547 9.181007
3.527038 9.157276
3.592173 9.132087
3.660083 9.105270
3.730938 9.076670
3.804924 9.046119
3.882242 9.013436
3.963082 8.978446
4.001597 9.010380
4.180882 8.835490
4.219529 8.856155
4.352568 8.795445
4.480005 8.727248
4.597145 8.666019
4.715357 8.602287
4.852937 8.555566
4.957938 8.462274
5.085860 8.385475
5.205654 8.314747
5.325718 8.246788
5.459997 8.111791
5.558091 8.074582
5.653940 8.000745
5.723453 7.947865
5.788999 7.901923
5.843709 7.881481
5.897169 7.838897
5.960669 7.792032
6.023189 7.744015
6.086391 7.694450
6.150347 7.643386
6.258428 7.614393
6.399837 7.557659
6.176679 7.643782
6.218501 7.585198
6.218923 7.586269
6.218274 7.587202
6.217615 7.587825
6.216955 7.588383
6.216294 7.588928
6.215633 7.589470
6.214972 7.590012
6.214310 7.590554
6.213649 7.591095
6.212987 7.591637
6.212325 7.592178
6.211663 7.592720
6.210682 7.593261
6.209757 7.593806
6.209676 7.594345
6.209014 7.594886
6.208353 7.595427
6.207691 7.595968
6.207029 7.596509
6.206366 7.597050
6.270042 7.599707
6.053056 7.670551
6.008403 7.763111
6.190367 7.578623
6.169054 7.189312
6.177369 7.997559
6.306788 7.598328
6.457292 7.388288
6.673776 7.201416
6.890294 6.995979
7.105369 6.777041
7.324334 6.538713
7.559899 6.262490
7.833652 5.907654
8.199512 5.336044
8.585062 4.576355
8.484702 5.180540
8.476170 4.886915
8.793068 4.085827
9.319012 2.856557
8.959761 1.120392
10.880814 -1.405640
7.480282 -3.314479
3.795470 -3.396032
2.873992 -4.972931
-15.130768 -21.082068
-3.212711 -3.756956
2.567444 -7.803721
-0.477255 -6.689176
-1.175208 -13.209617
1.767977 -8.380908
0.123315 -9.245213
-0.055080 -9.851622
0.145087 -9.924509
0.080877 -9.825285
0.086475 -9.813926
0.045930 -9.738189
0.084434 -9.806266
0.086898 -9.815542
0.088940 -9.807377
0.085681 -9.804820
0.082299 -9.804198
0.094541 -9.817120
0.086748 -9.805553
0.082979 -9.803226
0.122465 -9.877519
0.053133 -9.745837
0.084384 -9.803937
0.086893 -9.815079
0.088941 -9.807286
0.085681 -9.804802
0.082299 -9.804195
0.094541 -9.817119
0.086748 -9.805553
0.082979 -9.803226
0.122465 -9.877519
0.053133 -9.745837
0.084384 -9.803937
0.086893 -9.815079
0.088941 -9.807286
0.085681 -9.804802
0.082299 -9.804195
0.094541 -9.817119
0.086748 -9.805553
0.082979 -9.803226
0.122465 -9.877519
0.053133 -9.745837
0.084384 -9.803937
0.086893 -9.815079
0.088941 -9.807286
0.085681 -9.804802
0.082299 -9.804195
0.094541 -9.817119
0.086748 -9.805553
0.082979 -9.803226
0.122465 -9.877519
0.053133 -9.745837
0.084384 -9.803937
0.086893 -9.815079
0.088941 -9.807286
0.085681 -9.804802
0.082299 -9.804195
0.094541 -9.817119
0.086748 -9.805553
0.082979 -9.803226
0.122465 -9.877519
0.053133 -9.745837
0.084384 -9.803937
0.086893 -9.815079
0.088941 -9.807286
0.085681 -9.804802
0.082299 -9.804195
0.094541 -9.817119
0.086748 -9.805553
0.082979 -9.803226
0.122465 -9.877519
0.053133 -9.745837
0.084384 -9.803937
0.086893 -9.815079
0.088941 -9.807286
0.085681 -9.804802
0.082299 -9.804195
0.094541 -9.817119
7.616246 7.881043
6.520440 7.747648
6.208487 7.224279
4.060997 7.570330
6.222491 7.594092
6.213021 7.584200
6.214225 7.585007
6.213993 7.586096
6.210044 7.578739
6.261092 7.680044
6.179832 7.571144
6.075208 7.665982
6.346116 7.818809
6.590943 7.256646
6.948835 6.683553
7.042955 6.757589
7.192158 6.641309
7.264321 6.573842
7.440865 6.369581
7.577791 6.203645
7.715863 6.029277
7.858187 5.840109
7.996443 5.657177
8.170237 5.385761
8.345119 5.101229
8.508090 4.823144
7.616246 7.881043
6.520440 7.747648
6.208487 7.224279
6.220189 7.572943
6.208935 7.578902
6.203843 7.600543
6.335496 7.860278
5.908995 7.300233
6.348855 7.659956
6.268584 7.529360
6.208530 7.574923
6.209874 7.594946
6.199286 7.590111
6.117248 7.665201
5.757931 7.842597
5.579503 7.739823
4.299834 7.537940
0.865823 5.331767
-1.865858 12.818342
-0.767562 11.959778
-0.152890 9.647819
-0.081619 9.805782
-0.081021 9.808855
-0.080895 9.809497
-0.080869 9.809631
-0.080863 9.809659
-0.080862 9.809665
-0.080862 9.809666
-0.080862 9.809667
-0.080862 9.809667
-0.080862 9.809667
-0.080862 9.809667
-0.080862 9.809667
-0.080862 9.809667
-0.080862 9.809667
-0.080862 9.809667
-0.080862 9.809667
-0.080862 9.809667
-0.080862 9.809667
-0.080862 9.809667
-0.080862 9.809667
-0.080862 9.809667
-0.080862 9.809667
-0.080862 9.809667
-0.080862 9.809667
-0.080862 9.809667
-0.080862 9.809667
-0.080862 9.809667
-0.080862 9.809667
-0.080862 9.809667
-0.080862 9.809667
-0.080862 9.809667
-0.080862 9.809667
6.228353 8.989340
6.520440 7.747648
6.208487 7.224279
6.220189 7.572943
6.208935 7.578902
6.203843 7.600543
6.335496 7.860278
5.908995 7.300233
6.348855 7.659956
6.268584 7.529360
6.208530 7.574923
6.209874 7.594946
6.199286 7.590111
6.117248 7.665201
5.757931 7.842597
5.579503 7.739823
4.299834 7.537940
0.865823 5.331767
-1.865858 12.818342
-0.767562 11.959778
-0.152890 9.647819
-0.081619 9.805782
-0.081021 9.808855
6.051678 8.733553
6.504105 8.526603
6.432239 6.715794
6.257051 7.524619
6.206418 7.581991
6.208019 7.598771
6.204792 7.598588
5.837889 8.038812
6.552672 7.190423
6.227668 7.565637
6.216920 7.588260
6.208114 7.588005
6.208587 7.578824
6.423842 7.946952
5.658937 7.414432
4.877908 7.849793
2.259618 6.500220
-2.988296 12.711802
-0.898300 7.453762
1.050692 11.785678
-0.098006 9.748536
-0.083930 9.811846
-0.081502 9.809673
-0.081666 9.809663
-0.081700 9.809660
-0.081707 9.809660
-0.081709 9.809660
-0.081709 9.809660
-0.081709 9.809660
6.128807 8.763109
6.649193 7.610579
6.540082 7.244444
6.050945 7.802420
6.205147 7.554222
6.202083 7.580475
6.200012 7.604733
5.771603 8.144051
6.628637 7.021938
6.213042 7.620023
6.210955 7.589321
6.209819 7.590862
6.207390 7.594162
6.063533 7.441852
6.059266 7.914251
5.379895 7.754650
3.694861 7.611274
-2.607071 15.907900
-0.947344 3.983753
-1.371294 8.383934
0.605423 11.581251
-1.095373 8.681816
0.648288 10.904936
-0.087945 9.784515
-0.083364 9.804399
-0.082395 9.808557
-0.082192 9.809426
-0.082150 9.809608
-0.082141 9.809646
-0.082139 9.809654
-0.082139 9.809656
-0.082138 9.809656
6.128305 8.762943
6.649193 7.610579
6.540082 7.244444
6.050945 7.802420
6.205147 7.554222
6.202083 7.580475
6.200012 7.604733
5.771603 8.144051
6.628637 7.021938
6.213042 7.620023
6.210955 7.589321
6.209819 7.590862
6.207390 7.594162
6.063533 7.441852
6.059266 7.914251
5.379895 7.754650
3.694861 7.611274
-2.607071 15.907900
-0.947344 3.983753
-1.371294 8.383934
0.605423 11.581251
-1.095373 8.681816
0.648288 10.904936
-0.087945 9.784515
-0.083364 9.804399
-0.082395 9.808557
-0.082192 9.809426
-0.082150 9.809608
-0.082141 9.809646
-0.082139 9.809654
-0.082139 9.809656
-0.082138 9.809656
-0.082138 9.809656
-0.082138 9.809656
-0.082138 9.809656
-0.082138 9.809656
-0.082138 9.809656
-0.082138 9.809656
-0.082138 9.809656
-0.082138 9.809656
-0.082138 9.809656
-0.082138 9.809656
-0.082138 9.809656
-0.082138 9.809656
-0.082138 9.809656
-0.082138 9.809656
-0.082138 9.809656
1.761609 9.867174
-0.099894 9.771164
-0.084871 9.801630
-0.081702 9.807987
-0.081038 9.809315
-0.080899 9.809593
-0.080870 9.809651
-0.080864 9.809664
-0.080862 9.809666
-0.080862 9.809667
-0.080862 9.809667
-0.080862 9.809667
-0.080862 9.809667
-0.080862 9.809667
-0.080862 9.809667
-0.080862 9.809667
0.444627 11.322868
0.462774 10.694324
2.163518 6.963087
2.296203 9.467522
2.903361 9.311857
2.864728 10.015327
3.116577 9.426356
3.214825 8.531146
4.028313 9.805257
3.600487 10.717799
4.837636 6.520599
5.590258 8.523073
6.094069 7.531546
6.206920 7.699572
7.009192 7.803839
6.191124 7.585172
6.209879 7.584124
6.206831 7.594171
5.905535 7.228159
6.170393 7.945670
6.482967 7.687073
6.223074 7.573215
6.216586 7.586978
6.208828 7.579159
6.207542 7.595238
5.365328 8.078925
6.912427 7.281007
6.791624 7.148309
6.882186 6.806010
5.747617 8.054081
6.481730 7.072928
